micro_precision: 0.264 , macro_precision: 0.186  
pricision for all classes:
[0.         0.         1.         0.         1.         0.33333333
 0.         0.         0.         0.         0.         0.
 0.         0.         0.         0.         0.         0.
 0.         0.         0.         0.         0.         0.
 0.         0.         1.         0.         0.         0.33333333
 1.         0.         0.         0.5        0.         0.
 0.33333333 1.         1.         0.         1.         0.
 0.         0.         0.         0.         0.         0.
 0.         0.         0.         0.         0.         0.
 0.5        0.         0.         0.         0.         0.
 0.         1.         0.         0.         0.         0.
 1.         0.         0.5        1.         0.         0.
 1.         0.         0.         1.         0.         0.        ]
 micro_recall: 0.264 , macro_recall: 0.209  
recall for all classes:
[0.         0.         1.         0.         1.         1.
 0.         0.         0.         0.         0.         0.
 0.         0.         0.         0.         0.         0.
 0.         0.         0.         0.         0.         0.
 0.         0.         1.         0.         0.         1.
 1.         0.         0.         0.5        0.         0.
 1.         0.5        1.         0.         1.         0.
 0.         0.         0.         0.         0.         0.
 0.         0.         0.         0.         0.         0.
 1.         0.         0.         0.         0.         0.
 0.         0.33333333 0.         0.         0.         0.
 1.         0.         1.         1.         0.         0.
 1.         0.         0.         1.         0.         0.        ]
 micro_f1: 0.264 , macro_f1: 0.186  
f1 for all classes:
[0.         0.         1.         0.         1.         0.5
 0.         0.         0.         0.         0.         0.
 0.         0.         0.         0.         0.         0.
 0.         0.         0.         0.         0.         0.
 0.         0.         1.         0.         0.         0.5
 1.         0.         0.         0.5        0.         0.
 0.5        0.66666667 1.         0.         1.         0.
 0.         0.         0.         0.         0.         0.
 0.         0.         0.         0.         0.         0.
 0.66666667 0.         0.         0.         0.         0.
 0.         0.5        0.         0.         0.         0.
 1.         0.         0.66666667 1.         0.         0.
 1.         0.         0.         1.         0.         0.        ]
 Valid Result:  Accuracy: 0.264
