micro_precision: 0.139 , macro_precision: 0.137  
pricision for all classes:
[0. 1. 1. 0. 0. 0. 0. 0. 0. 0. 0. 0. 0. 0. 0. 0. 0. 0. 0. 0. 0. 0. 0. 0.
 0. 1. 0. 0. 0. 0. 0. 0. 1. 0. 1. 0. 0. 1. 0. 0. 0. 0. 0. 1. 0. 0. 0. 0.
 0. 0. 0. 1. 0. 1. 0. 0. 0. 0. 1. 0. 0. 0. 0. 0. 0. 0. 0. 0. 0. 0. 0. 0.
 0.]
 micro_recall: 0.139 , macro_recall: 0.116  
recall for all classes:
[0.  1.  1.  0.  0.  0.  0.  0.  0.  0.  0.  0.  0.  0.  0.  0.  0.  0.
 0.  0.  0.  0.  0.  0.  0.  1.  0.  0.  0.  0.  0.  0.  0.5 0.  0.5 0.
 0.  1.  0.  0.  0.  0.  0.  1.  0.  0.  0.  0.  0.  0.  0.  1.  0.  1.
 0.  0.  0.  0.  0.5 0.  0.  0.  0.  0.  0.  0.  0.  0.  0.  0.  0.  0.
 0. ]
 micro_f1: 0.139 , macro_f1: 0.123  
f1 for all classes:
[0.         1.         1.         0.         0.         0.
 0.         0.         0.         0.         0.         0.
 0.         0.         0.         0.         0.         0.
 0.         0.         0.         0.         0.         0.
 0.         1.         0.         0.         0.         0.
 0.         0.         0.66666667 0.         0.66666667 0.
 0.         1.         0.         0.         0.         0.
 0.         1.         0.         0.         0.         0.
 0.         0.         0.         1.         0.         1.
 0.         0.         0.         0.         0.66666667 0.
 0.         0.         0.         0.         0.         0.
 0.         0.         0.         0.         0.         0.
 0.        ]
 Valid Result:  Accuracy: 0.139
