micro_precision: 0.250 , macro_precision: 0.170  
pricision for all classes:
[0.  0.  0.  0.  0.  0.5 0.  0.  1.  1.  0.  0.  0.  0.  0.  0.  0.  0.
 1.  0.  0.  0.  0.  0.  1.  0.  1.  0.  1.  0.  0.  0.  0.  0.  0.  0.
 0.  0.  0.  0.  0.  0.  1.  0.  0.  0.  0.  0.  1.  0. ]
 micro_recall: 0.250 , macro_recall: 0.160  
recall for all classes:
[0.  0.  0.  0.  0.  1.  0.  0.  1.  1.  0.  0.  0.  0.  0.  0.  0.  0.
 1.  0.  0.  0.  0.  0.  1.  0.  1.  0.  0.5 0.  0.  0.  0.  0.  0.  0.
 0.  0.  0.  0.  0.  0.  1.  0.  0.  0.  0.  0.  0.5 0. ]
 micro_f1: 0.250 , macro_f1: 0.160  
f1 for all classes:
[0.         0.         0.         0.         0.         0.66666667
 0.         0.         1.         1.         0.         0.
 0.         0.         0.         0.         0.         0.
 1.         0.         0.         0.         0.         0.
 1.         0.         1.         0.         0.66666667 0.
 0.         0.         0.         0.         0.         0.
 0.         0.         0.         0.         0.         0.
 1.         0.         0.         0.         0.         0.
 0.66666667 0.        ]
 Valid Result:  Accuracy: 0.250
